    0.0     68.02      0.00
   20.0    104.57     97.35
   40.0    101.46     99.68
   60.0     99.59    101.99
   80.0     98.21    104.27
  100.0     97.10    106.54
  120.0     96.14    108.79
  140.0     95.29    111.03
  160.0     94.51    113.26
  180.0     93.78    115.48
  200.0     93.09    117.69
  220.0     92.61    118.19
  240.0     91.72    121.96
  260.0     91.07    124.18
  280.0     90.42    126.40
  300.0     89.77    128.64
  320.0     89.11    130.89
  340.0     88.64    131.48
  360.0     87.92    133.53
  380.0     87.18    135.61
  400.0     86.40    137.72
  420.0     85.39    141.61
  440.0     84.59    144.08
  460.0     83.75    146.65
  480.0     82.86    149.32
  500.0     81.91    152.15
  520.0     80.89    155.18
  540.0     79.79    158.47
  560.0     78.60    162.13
  580.0     77.28    166.32
  600.0     75.82    171.26
  620.0     74.19    177.37
  640.0     72.37    185.34
  660.0     70.35    196.37
  680.0     68.31    212.37
  700.0     66.78    234.93
  720.0     66.58    261.09
  740.0     67.72    283.53
  760.0     69.35    299.41
  780.0     70.95    310.33
  800.0     72.37    318.18
  820.0     73.60    324.28
  840.0     74.64    329.10
  860.0     75.54    333.14
  880.0     76.31    336.64
  900.0     76.98    339.76
  920.0     77.57    342.60
  940.0     78.08    345.21
  960.0     78.53    347.66
  980.0     78.93    349.97
 1000.0     79.27    352.17
 1020.0     79.57    354.28
 1040.0     79.84    356.31
 1060.0     80.07    358.28
 1080.0     80.26    360.18
 1100.0     80.43    362.04
 1120.0     80.56    363.85
 1140.0     80.68    365.62
 1160.0     80.76    367.35
 1180.0     80.83    369.05
 1200.0     80.87    370.72
 1220.0     80.88    372.36
 1240.0     80.88    373.96
 1260.0     80.86    375.54
 1280.0     80.83    377.09
 1300.0     80.77    378.61
 1320.0     80.69    380.11
 1340.0     80.60    381.57
 1360.0     80.49    383.01
 1380.0     80.36    384.43
 1400.0     80.22    385.81
 1420.0     80.05    387.17
 1440.0     79.86    388.49
 1460.0     79.67    389.78
 1480.0     79.45    391.04
 1500.0     79.21    392.26
 1520.0     78.96    393.45
 1540.0     78.69    394.59
 1560.0     78.39    395.68
 1580.0     78.08    396.73
 1600.0     77.75    397.73
 1620.0     77.39    398.66
 1640.0     77.01    399.52
 1660.0     76.60    400.31
 1680.0     76.18    401.02
 1700.0     75.72    401.63
 1720.0     75.24    402.13
 1740.0     74.72    402.50
 1760.0     74.18    402.72
 1780.0     73.60    402.76
 1800.0     72.98    402.59
 1820.0     72.32    402.17
 1840.0     71.63    401.45
 1860.0     70.89    400.36
 1880.0     70.11    398.81
 1900.0     69.29    396.71
 1920.0     68.44    393.91
 1940.0     67.58    390.27
 1960.0     66.71    385.61
 1980.0     65.90    379.79
 2000.0     65.18    372.75
 2020.0     64.65    364.59
 2040.0     64.36    355.74
 2060.0     64.34    346.77
 2080.0     64.59    338.34
 2100.0     65.03    330.91
 2120.0     65.60    324.67
 2140.0     66.22    319.60
 2160.0     66.87    315.58
 2180.0     67.50    312.43
 2200.0     68.10    310.00
 2220.0     68.67    308.15
 2240.0     69.19    306.76
 2260.0     69.67    305.74
 2280.0     70.11    305.02
 2300.0     70.51    304.54
 2320.0     70.88    304.27
 2340.0     71.21    304.16
 2360.0     71.51    304.18
 2380.0     71.78    304.32
 2400.0     72.02    304.54
 2420.0     72.23    304.86
 2440.0     72.42    305.22
 2460.0     72.58    305.64
 2480.0     72.72    306.11
 2500.0     72.84    306.61
 2520.0     72.94    307.13
 2540.0     73.02    307.68
 2560.0     73.08    308.24
 2580.0     73.12    308.81
 2600.0     73.14    309.39
 2620.0     73.14    309.97
 2640.0     73.13    310.54
 2660.0     73.11    311.11
 2680.0     73.06    311.67
 2700.0     73.00    312.21
 2720.0     72.93    312.74
 2740.0     72.84    313.24
 2760.0     72.73    313.72
 2780.0     72.61    314.16
 2800.0     72.47    314.58
 2820.0     72.32    314.95
 2840.0     72.16    315.28
 2860.0     71.98    315.57
 2880.0     71.79    315.80
 2900.0     71.58    315.97
 2920.0     71.36    316.08
 2940.0     71.12    316.11
 2960.0     70.88    316.07
 2980.0     70.61    315.94
 3000.0     70.34    315.72
 3020.0     70.05    315.39
 3040.0     69.75    314.95
 3060.0     69.44    314.38
 3080.0     69.12    313.67
 3100.0     68.80    312.82
 3120.0     68.46    311.80
 3140.0     68.12    310.60
 3160.0     67.77    309.22
 3180.0     67.43    307.64
 3200.0     67.09    305.86
 3220.0     66.76    303.85
 3240.0     66.44    301.63
 3260.0     66.14    299.19
 3280.0     65.86    296.54
 3300.0     65.61    293.71
 3320.0     65.39    290.71
 3340.0     65.21    287.58
 3360.0     65.08    284.36
 3380.0     64.99    281.10
 3400.0     64.94    277.85
 3420.0     64.94    274.66
 3440.0     64.97    271.57
 3460.0     65.04    268.62
 3480.0     65.14    265.83
 3500.0     65.27    263.23
 3520.0     65.41    260.83
 3540.0     65.57    258.62
 3560.0     65.74    256.62
 3580.0     65.92    254.81
 3600.0     66.10    253.19
 3620.0     66.28    251.73
 3640.0     66.45    250.45
 3660.0     66.62    249.30
 3680.0     66.78    248.30
 3700.0     66.93    247.41
 3720.0     67.07    246.64
 3740.0     67.20    245.96
 3760.0     67.32    245.37
 3780.0     67.43    244.86
 3800.0     67.52    244.42
 3820.0     67.61    244.05
 3840.0     67.68    243.72
 3860.0     67.74    243.44
 3880.0     67.79    243.19
 3900.0     67.83    242.97
 3920.0     67.85    242.78
 3940.0     67.87    242.61
 3960.0     67.87    242.45
 3980.0     67.86    242.31
 4000.0     67.84    242.16
 4020.0     67.81    242.02
 4040.0     67.77    241.88
 4060.0     67.72    241.73
 4080.0     67.65    241.56
 4100.0     67.58    241.38
 4120.0     67.50    241.18
 4140.0     67.40    240.96
 4160.0     67.30    240.70
 4180.0     67.19    240.42
 4200.0     67.07    240.09
 4220.0     66.94    239.73
 4240.0     66.81    239.32
 4260.0     66.66    238.86
 4280.0     66.51    238.35
 4300.0     66.35    237.78
 4320.0     66.18    237.16
 4340.0     66.01    236.46
 4360.0     65.84    235.70
 4380.0     65.66    234.86
 4400.0     65.48    233.94
 4420.0     65.30    232.95
 4440.0     65.11    231.88
 4460.0     64.93    230.72
 4480.0     64.75    229.48
 4500.0     64.56    228.15
 4520.0     64.39    226.74
 4540.0     64.22    225.24
 4560.0     64.05    223.66
 4580.0     63.90    222.01
 4600.0     63.75    220.28
 4620.0     63.62    218.49
 4640.0     63.50    216.65
 4660.0     63.39    214.77
 4680.0     63.29    212.85
 4700.0     63.21    210.91
 4720.0     63.15    208.95
 4740.0     63.09    207.00
 4760.0     63.06    205.06
 4780.0     63.03    203.14
 4800.0     63.02    201.25
 4820.0     63.04    199.42
 4840.0     63.05    197.64
 4860.0     63.07    195.91
 4880.0     63.10    194.25
 4900.0     63.14    192.65
 4920.0     63.19    191.13
 4940.0     63.23    189.67
 4960.0     63.29    188.29
 4980.0     63.34    186.98
 5000.0     63.40    185.73
 5020.0     63.46    184.57
 5040.0     63.51    183.46
 5060.0     63.56    182.41
 5080.0     63.61    181.42
 5100.0     63.65    180.48
 5120.0     63.70    179.59
 5140.0     63.73    178.74
 5160.0     63.76    177.94
 5180.0     63.79    177.18
 5200.0     63.81    176.45
 5220.0     63.83    175.76
 5240.0     63.84    175.09
 5260.0     63.84    174.44
 5280.0     63.84    173.81
 5300.0     63.83    173.20
 5320.0     63.81    172.60
 5340.0     63.79    172.00
 5360.0     63.76    171.41
 5380.0     63.73    170.82
 5400.0     63.69    170.23
 5420.0     63.65    169.63
 5440.0     63.59    169.03
 5460.0     63.54    168.42
 5480.0     63.47    167.80
 5500.0     63.40    167.16
 5520.0     63.32    166.50
 5540.0     63.24    165.82
 5560.0     63.16    165.12
 5580.0     63.07    164.39
 5600.0     62.98    163.63
 5620.0     62.88    162.76
 5640.0     62.78    161.92
 5660.0     62.67    161.05
 5680.0     62.57    160.14
 5700.0     62.46    159.19
 5720.0     62.36    158.21
 5740.0     62.25    157.19
 5760.0     62.14    156.14
 5780.0     62.03    155.04
 5800.0     61.93    153.91
 5820.0     61.83    152.74
 5840.0     61.73    151.54
 5860.0     61.63    150.31
 5880.0     61.53    149.04
 5900.0     61.44    147.74
 5920.0     61.35    146.41
 5940.0     61.26    145.05
 5960.0     61.18    143.67
 5980.0     61.10    142.27
 6000.0     61.03    140.85
 6020.0     60.95    139.42
 6040.0     60.89    137.99
 6060.0     60.83    136.56
 6080.0     60.78    135.12
 6100.0     60.74    133.68
 6120.0     60.70    132.25
 6140.0     60.66    130.83
 6160.0     60.64    129.41
 6180.0     60.61    128.02
 6200.0     60.59    126.64
 6220.0     60.54    125.29
 6240.0     60.53    123.96
 6260.0     60.52    122.66
 6280.0     60.51    121.39
 6300.0     60.51    120.13
 6320.0     60.51    118.91
 6340.0     60.50    117.71
 6360.0     60.50    116.54
 6380.0     60.50    115.40
 6400.0     60.50    114.28
 6420.0     60.49    113.19
 6440.0     60.49    112.13
 6460.0     60.49    111.10
 6480.0     60.48    110.09
 6500.0     60.48    109.10
 6520.0     60.47    108.12
 6540.0     60.46    107.17
 6560.0     60.45    106.23
 6580.0     60.43    105.30
 6600.0     60.41    104.39
 6620.0     60.37    103.49
 6640.0     60.35    102.60
 6660.0     60.32    101.73
 6680.0     60.29    100.86
 6700.0     60.26     99.99
 6720.0     60.22     99.12
 6740.0     60.18     98.25
 6760.0     60.14     97.39
 6780.0     60.09     96.51
 6800.0     60.05     95.63
 6820.0     59.99     94.75
 6840.0     59.94     93.86
 6860.0     59.88     92.97
 6880.0     59.82     92.07
 6900.0     59.76     91.15
 6920.0     59.69     90.22
 6940.0     59.63     89.28
 6960.0     59.56     88.32
 6980.0     59.49     87.34
 7000.0     59.42     86.34
 7020.0     59.34     85.31
 7040.0     59.27     84.27
 7060.0     59.20     83.20
 7080.0     59.13     82.12
 7100.0     59.05     81.03
 7120.0     58.98     79.91
 7140.0     58.91     78.78
 7160.0     58.84     77.63
 7180.0     58.77     76.46
 7200.0     58.71     75.28
 7220.0     58.64     74.08
 7240.0     58.57     72.88
 7260.0     58.51     71.68
 7280.0     58.45     70.46
 7300.0     58.39     69.23
 7320.0     58.33     68.00
 7340.0     58.28     66.75
 7360.0     58.22     65.50
 7380.0     58.17     64.24
 7400.0     58.12     62.98
 7420.0     58.08     61.70
 7440.0     58.04     60.45
 7460.0     58.00     59.21
 7480.0     57.96     57.96
 7500.0     57.92     56.71
 7520.0     57.88     55.47
 7540.0     57.84     54.23
 7560.0     57.81     52.99
 7580.0     57.78     51.76
 7600.0     57.75     50.54
 7620.0     57.73     49.32
 7640.0     57.70     48.13
 7660.0     57.67     46.95
 7680.0     57.64     45.77
 7700.0     57.61     44.61
 7720.0     57.59     43.45
 7740.0     57.56     42.30
 7760.0     57.53     41.15
 7780.0     57.50     40.02
 7800.0     57.48     38.89
 7820.0     57.45     37.61
 7840.0     57.43     36.49
 7860.0     57.40     35.37
 7880.0     57.38     34.27
 7900.0     57.35     33.17
 7920.0     57.32     32.08
 7940.0     57.29     31.00
 7960.0     57.26     29.92
 7980.0     57.23     28.85
 8000.0     57.20     27.79
 8020.0     57.17     26.72
 8040.0     57.14     25.68
 8060.0     57.11     24.65
 8080.0     57.07     23.62
 8100.0     57.03     22.59
 8120.0     56.99     21.55
 8140.0     56.95     20.52
 8160.0     56.91     19.49
 8180.0     56.87     18.45
 8200.0     56.82     17.41
 8220.0     56.80     16.35
 8240.0     56.75     15.32
 8260.0     56.70     14.29
 8280.0     56.65     13.25
 8300.0     56.60     12.20
 8320.0     56.55     11.14
 8340.0     56.50     10.08
 8360.0     56.44      9.01
 8380.0     56.39      7.92
 8400.0     56.33      6.83
 8420.0     56.27      5.61
 8440.0     56.21      4.49
 8460.0     56.16      3.36
 8480.0     56.10      2.22
 8500.0     56.05      1.07
 8520.0     55.99     -0.08
 8540.0     55.94     -1.24
 8560.0     55.88     -2.42
 8580.0     55.83     -3.59
 8600.0     55.78     -4.78
 8620.0     55.75     -6.00
 8640.0     55.70     -7.18
 8660.0     55.65     -8.36
 8680.0     55.59     -9.54
 8700.0     55.54    -10.74
 8720.0     55.49    -11.94
 8740.0     55.44    -13.15
 8760.0     55.39    -14.36
 8780.0     55.34    -15.57
 8800.0     55.29    -16.80
 8820.0     55.24    -18.15
 8840.0     55.20    -19.38
 8860.0     55.16    -20.62
 8880.0     55.11    -21.85
 8900.0     55.07    -23.09
 8920.0     55.03    -24.32
 8940.0     54.99    -25.55
 8960.0     54.96    -26.78
 8980.0     54.92    -28.01
 9000.0     54.88    -29.23
 9020.0     54.87    -30.48
 9040.0     54.84    -31.67
 9060.0     54.80    -32.86
 9080.0     54.76    -34.04
 9100.0     54.73    -35.22
 9120.0     54.69    -36.40
 9140.0     54.66    -37.58
 9160.0     54.62    -38.75
 9180.0     54.58    -39.92
 9200.0     54.55    -41.09
 9220.0     54.50    -42.22
 9240.0     54.47    -43.39
 9260.0     54.43    -44.56
 9280.0     54.40    -45.73
 9300.0     54.36    -46.89
 9320.0     54.32    -48.04
 9340.0     54.29    -49.20
 9360.0     54.25    -50.35
 9380.0     54.21    -51.50
 9400.0     54.18    -52.65
 9420.0     54.16    -53.84
 9440.0     54.12    -54.95
 9460.0     54.08    -56.07
 9480.0     54.04    -57.18
 9500.0     54.00    -58.30
 9520.0     53.96    -59.42
 9540.0     53.91    -60.54
 9560.0     53.87    -61.67
 9580.0     53.82    -62.80
 9600.0     53.78    -63.93
 9620.0     53.72    -65.08
 9640.0     53.67    -66.22
 9660.0     53.63    -67.37
 9680.0     53.58    -68.52
 9700.0     53.53    -69.68
 9720.0     53.48    -70.84
 9740.0     53.44    -72.00
 9760.0     53.39    -73.17
 9780.0     53.34    -74.34
 9800.0     53.29    -75.51
 9820.0     53.27    -76.75
 9840.0     53.22    -77.90
 9860.0     53.17    -79.06
 9880.0     53.12    -80.22
 9900.0     53.07    -81.39
 9920.0     53.02    -82.56
 9940.0     52.96    -83.74
 9960.0     52.91    -84.93
 9980.0     52.86    -86.13
10000.0     52.80    -87.33
10020.0     52.74    -88.62
10040.0     52.69    -89.84
10060.0     52.64    -91.06
10080.0     52.59    -92.29
10100.0     52.54    -93.53
10120.0     52.49    -94.77
10140.0     52.44    -96.01
10160.0     52.39    -97.25
10180.0     52.34    -98.50
10200.0     52.29    -99.75
10220.0     52.24   -101.17
10240.0     52.19   -102.43
10260.0     52.15   -103.70
10280.0     52.11   -104.96
10300.0     52.06   -106.22
10320.0     52.02   -107.48
10340.0     51.98   -108.74
10360.0     51.94   -110.00
10380.0     51.89   -111.26
10400.0     51.85   -112.51
10420.0     51.80   -113.83
10440.0     51.76   -115.09
10460.0     51.73   -116.34
10480.0     51.69   -117.59
10500.0     51.65   -118.83
10520.0     51.62   -120.07
10540.0     51.58   -121.30
10560.0     51.55   -122.52
10580.0     51.51   -123.74
10600.0     51.48   -124.95
10620.0     51.47   -126.24
10640.0     51.44   -127.40
10660.0     51.40   -128.56
10680.0     51.36   -129.72
10700.0     51.32   -130.87
10720.0     51.28   -132.02
10740.0     51.24   -133.17
10760.0     51.20   -134.31
10780.0     51.16   -135.46
10800.0     51.11   -136.61
10820.0     51.05   -137.75
10840.0     51.00   -138.91
10860.0     50.96   -140.08
10880.0     50.91   -141.24
10900.0     50.86   -142.40
10920.0     50.79   -143.57
10940.0     51.04   -147.96
10960.0     50.93   -149.62
10980.0     50.84   -151.31
11000.0     50.74   -153.00
11020.0     50.66   -154.76
11040.0     50.57   -156.44
11060.0     50.49   -158.13
11080.0     51.05   -166.72
11100.0     50.80   -169.36
11120.0     50.56   -172.06
11140.0     50.33   -174.79
11160.0     50.13   -177.56
11129.8     50.44   -173.39
